177,54	-25,39
177,75	-25,39
177,97	-25,39
178,19	-17,07
178,41	-58,16
178,63	216,54
178,85	54,20
179,07	132,84
179,29	158,51
179,51	68,95
179,73	200,56
179,95	143,22
180,17	123,83
180,39	259,55
180,61	178,17
180,83	206,71
181,05	105,13
181,27	197,01
181,49	181,31
181,71	188,69
181,92	362,08
182,14	218,86
182,36	150,59
182,58	263,51
182,80	121,79
183,02	304,60
183,24	266,24
183,46	210,26
183,68	192,65
183,90	260,77
184,12	129,16
184,34	278,66
184,56	211,08
184,78	172,03
185,00	219,27
185,21	296,14
185,43	154,96
185,65	249,85
185,87	186,37
186,09	294,77
186,31	195,65
186,53	244,53
186,75	220,91
186,97	270,20
187,19	254,63
187,41	198,79
187,63	270,06
187,84	130,93
188,06	246,85
188,28	146,50
188,50	231,28
188,72	318,66
188,94	261,73
189,16	161,38
189,38	162,34
189,60	240,02
189,82	171,48
190,03	233,74
190,25	244,25
190,47	222,96
190,69	216,13
190,91	134,35
191,13	193,19
191,35	263,91
191,57	153,87
191,79	206,84
192,01	197,56
192,22	279,21
192,44	153,46
192,66	235,24
192,88	224,32
193,10	252,31
193,32	165,34
193,54	336,14
193,76	296,14
193,98	211,35
194,19	215,72
194,41	181,18
194,63	138,58
194,85	217,36
195,07	231,69
195,29	97,48
195,51	245,48
195,73	186,64
195,94	245,62
196,16	187,87
196,38	331,09
196,60	185,68
196,82	178,86
197,04	172,30
197,26	193,33
197,48	159,06
197,69	182,27
197,91	191,55
198,13	202,75
198,35	205,75
198,57	176,81
198,79	228,83
199,01	205,34
199,22	218,04
199,44	270,47
199,66	215,86
199,88	222,96
200,10	234,15
200,32	237,56
200,54	248,08
200,75	370,41
200,97	192,10
201,19	271,83
201,41	278,39
201,63	183,09
201,85	157,56
202,06	246,85
202,28	220,22
202,50	236,34
202,72	159,20
202,94	151,69
203,16	229,92
203,38	212,03
203,59	221,18
203,81	288,76
204,03	134,07
204,25	186,37
204,47	238,66
204,69	219,68
204,90	165,61
205,12	258,04
205,34	230,87
205,56	211,62
205,78	184,04
206,00	336,69
206,21	277,70
206,43	212,58
206,65	235,52
206,87	195,38
207,09	231,69
207,30	142,40
207,52	292,18
207,74	259,55
207,96	197,56
208,18	215,58
208,40	207,39
208,61	178,04
208,83	214,35
209,05	145,27
209,27	126,29
209,49	253,68
209,70	228,28
209,92	240,57
210,14	148,27
210,36	212,99
210,58	228,55
210,79	225,28
211,01	159,88
211,23	250,81
211,45	274,84
211,67	244,80
211,88	120,15
212,10	265,83
212,32	186,64
212,54	227,87
212,76	187,46
212,97	153,32
213,19	159,88
213,41	274,84
213,63	202,48
213,85	230,06
214,06	166,30
214,28	310,06
214,50	206,57
214,72	236,88
214,94	279,75
215,15	194,28
215,37	200,15
215,59	169,44
215,81	258,18
216,02	184,18
216,24	284,39
216,46	157,83
216,68	204,52
216,90	200,70
217,11	293,27
217,33	164,79
217,55	320,44
217,77	250,94
217,98	316,07
218,20	251,22
218,42	277,84
218,64	258,32
218,85	316,48
219,07	233,20
219,29	255,59
219,51	263,10
219,73	207,66
219,94	209,17
220,16	293,41
220,38	277,02
220,60	210,12
220,81	150,59
221,03	153,19
221,25	264,46
221,47	134,48
221,68	189,37
221,90	261,18
222,12	220,36
222,34	217,49
222,55	268,42
222,77	311,97
222,99	177,35
223,21	237,56
223,42	315,25
223,64	291,49
223,86	137,21
224,08	225,28
224,29	262,69
224,51	224,87
224,73	190,60
224,94	239,75
225,16	197,01
225,38	191,14
225,60	307,74
225,81	235,79
226,03	208,35
226,25	188,14
226,47	245,21
226,68	265,28
226,90	225,14
227,12	274,15
227,33	247,39
227,55	173,53
227,77	170,53
227,99	324,94
228,20	203,16
228,42	262,28
228,64	259,14
228,86	217,36
229,07	214,63
229,29	174,08
229,51	115,51
229,72	303,24
229,94	224,59
230,16	274,43
230,38	198,52
230,59	185,00
230,81	271,01
231,03	286,31
231,24	228,55
231,46	214,76
231,68	189,91
231,89	222,14
232,11	156,87
232,33	298,46
232,55	258,86
232,76	247,26
232,98	221,86
233,20	200,43
233,41	160,42
233,63	218,31
233,85	231,15
234,06	229,37
234,28	276,75
234,50	177,49
234,71	257,77
234,93	325,76
235,15	206,03
235,37	133,39
235,58	218,04
235,80	179,81
236,02	174,90
236,23	237,70
236,45	200,02
236,67	269,51
236,88	237,29
237,10	286,72
237,32	265,69
237,53	272,24
237,75	222,96
237,97	166,30
238,18	236,88
238,40	253,13
238,62	205,48
238,83	222,14
239,05	210,39
239,27	200,29
239,48	191,55
239,70	240,57
239,92	303,24
240,13	324,13
240,35	191,96
240,57	219,13
240,78	234,15
241,00	180,77
241,22	217,08
241,43	354,98
241,65	216,54
241,87	305,42
242,08	328,36
242,30	200,97
242,52	240,43
242,73	277,29
242,95	211,76
243,16	234,56
243,38	341,33
243,60	286,17
243,81	247,80
244,03	313,07
244,25	166,16
244,46	208,35
244,68	174,76
244,90	227,46
245,11	155,24
245,33	229,51
245,55	234,70
245,76	220,63
245,98	206,16
246,19	346,24
246,41	307,33
246,63	277,43
246,84	312,93
247,06	246,85
247,28	246,30
247,49	236,88
247,71	187,87
247,92	219,68
248,14	290,54
248,36	251,35
248,57	247,80
248,79	310,34
249,01	236,75
249,22	268,69
249,44	250,26
249,65	188,55
249,87	252,58
250,09	303,10
250,30	235,52
250,52	240,30
250,73	248,08
250,95	185,27
251,17	252,99
251,38	237,15
251,60	141,31
251,81	340,65
252,03	299,41
252,25	172,03
252,46	166,57
252,68	295,59
252,89	321,53
253,11	229,92
253,33	268,01
253,54	172,44
253,76	241,66
253,97	292,04
254,19	258,59
254,41	159,74
254,62	315,80
254,84	275,79
255,05	235,52
255,27	273,61
255,49	305,42
255,70	295,86
255,92	201,93
256,13	168,21
256,35	272,79
256,56	292,86
256,78	261,87
257,00	301,05
257,21	160,70
257,43	221,04
257,64	239,07
257,86	278,93
258,08	238,38
258,29	290,95
258,51	208,21
258,72	279,62
258,94	306,10
259,15	267,19
259,37	225,69
259,59	189,51
259,80	260,77
260,02	215,72
260,23	253,54
260,45	171,62
260,66	256,00
260,88	238,93
261,09	234,15
261,31	213,81
261,53	289,58
261,74	291,90
261,96	158,79
262,17	179,27
262,39	264,46
262,60	220,77
262,82	245,48
263,03	190,46
263,25	260,64
263,46	212,72
263,68	242,34
263,90	218,86
264,11	200,15
264,33	350,61
264,54	286,58
264,76	214,22
264,97	317,71
265,19	204,39
265,40	287,67
265,62	237,70
265,83	272,93
266,05	262,96
266,26	220,63
266,48	346,93
266,70	291,08
266,91	178,99
267,13	219,27
267,34	220,63
267,56	289,58
267,77	246,58
267,99	228,55
268,20	339,69
268,42	273,47
268,63	192,78
268,85	392,80
269,06	292,72
269,28	266,65
269,49	237,97
269,71	258,32
269,92	208,48
270,14	196,61
270,35	210,67
270,57	284,80
270,78	278,25
271,00	212,03
271,21	325,63
271,43	191,83
271,64	208,35
271,86	285,35
272,07	185,41
272,29	324,53
272,50	219,68
272,72	309,79
272,93	357,85
273,15	364,95
273,36	314,57
273,58	299,69
273,79	266,37
274,01	242,75
274,22	180,49
274,44	188,96
274,65	295,59
274,87	289,31
275,08	291,08
275,30	246,99
275,51	357,17
275,73	362,90
275,94	244,12
276,16	226,10
276,37	233,60
276,59	261,59
276,80	262,96
277,02	258,45
277,23	199,47
277,45	260,50
277,66	149,37
277,88	251,76
278,09	370,82
278,30	271,29
278,52	188,14
278,73	371,91
278,95	276,61
279,16	329,04
279,38	277,57
279,59	259,96
279,81	214,49
280,02	255,59
280,24	205,21
280,45	287,40
280,67	339,01
280,88	336,00
281,09	198,38
281,31	193,19
281,52	226,64
281,74	349,11
281,95	227,46
282,17	266,92
282,38	317,03
282,60	274,15
282,81	296,27
283,02	222,41
283,24	204,25
283,45	331,91
283,67	226,37
283,88	336,55
284,10	257,91
284,31	317,98
284,53	248,90
284,74	214,63
284,95	256,54
285,17	294,22
285,38	251,49
285,60	216,68
285,81	223,91
286,03	302,69
286,24	333,82
286,45	300,10
286,67	290,95
286,88	247,67
287,10	300,10
287,31	191,55
287,53	270,33
287,74	291,22
287,95	216,27
288,17	287,26
288,38	317,57
288,60	232,79
288,81	257,63
289,02	233,47
289,24	353,07
289,45	254,08
289,67	288,76
289,88	293,27
290,10	283,30
290,31	295,45
290,52	263,78
290,74	242,34
290,95	316,62
291,17	349,25
291,38	183,50
291,59	243,84
291,81	239,61
292,02	283,58
292,24	295,32
292,45	290,54
292,66	308,56
292,88	342,01
293,09	319,76
293,31	268,56
293,52	239,61
293,73	269,79
293,95	315,93
294,16	301,87
294,37	272,38
294,59	312,66
294,80	384,34
295,02	271,56
295,23	215,17
295,44	277,84
295,66	272,93
295,87	317,57
296,09	239,89
296,30	262,28
296,51	236,20
296,73	247,12
296,94	255,86
297,15	229,37
297,37	237,84
297,58	252,45
297,79	294,77
298,01	320,03
298,22	336,55
298,44	243,30
298,65	316,21
298,86	289,86
299,08	265,42
299,29	289,17
299,50	277,16
299,72	251,49
299,93	348,97
300,14	316,75
300,36	240,84
300,57	248,21
300,79	276,48
301,00	351,16
301,21	231,28
301,43	237,97
301,64	320,03
301,85	287,13
302,07	358,94
302,28	268,56
302,49	378,46
302,71	321,39
302,92	340,51
303,13	386,79
303,35	299,96
303,56	343,92
303,77	246,58
303,99	383,38
304,20	342,56
304,41	323,99
304,63	347,47
304,84	443,04
305,05	410,41
305,27	413,28
305,48	454,79
305,69	413,01
305,91	464,48
306,12	429,66
306,33	486,60
306,55	443,86
306,76	472,13
306,97	498,48
307,19	541,07
307,40	636,65
307,61	603,47
307,82	598,28
308,04	664,77
308,25	668,32
308,46	648,80
308,68	631,59
308,89	759,93
309,10	679,38
309,32	803,08
309,53	787,51
309,74	903,97
309,96	951,35
310,17	1044,60
310,38	1091,02
310,59	1211,31
310,81	1266,19
311,02	1297,59
311,23	1329,95
311,45	1417,06
311,66	1481,23
311,87	1531,74
312,09	1686,30
312,30	1662,54
312,51	1848,22
312,72	1856,28
312,94	1883,18
313,15	1970,97
313,36	2112,96
313,58	2047,29
313,79	2253,99
314,00	2334,68
314,21	2277,34
314,43	2434,90
314,64	2533,75
314,85	2463,57
315,06	2362,13
315,28	2594,37
315,49	2543,71
315,70	2632,73
315,92	2945,12
316,13	3191,69
316,34	3479,91
316,55	3624,22
316,77	3655,62
316,98	3767,31
317,19	3694,13
317,40	3516,50
317,62	3685,25
317,83	3989,85
318,04	3963,09
318,25	4164,75
318,47	4257,32
318,68	4367,91
318,89	4503,07
319,11	4516,86
319,32	4661,86
319,53	4799,21
319,74	5245,94
319,96	5302,46
320,17	5318,17
320,38	5591,64
320,59	5557,91
320,81	5523,51
321,02	5327,59
321,23	5560,37
321,44	5454,83
321,65	5405,55
321,87	5319,39
322,08	5282,53
322,29	5310,25
322,50	5297,96
322,72	5614,30
322,93	5978,29
323,14	6403,45
323,35	6573,71
323,57	7054,57
323,78	7097,17
323,99	7179,09
324,20	7192,74
324,41	7317,26
324,63	7430,71
324,84	7745,69
325,05	8249,49
325,26	9019,39
325,48	9215,04
325,69	9850,18
325,90	10156,83
326,11	10309,34
326,32	10116,15
326,54	10340,19
326,75	9913,12
326,96	9807,18
327,17	9364,68
327,39	9204,39
327,60	9132,03
327,81	8812,14
328,02	8954,81
328,23	9580,40
328,45	10119,42
328,66	10418,70
328,87	10854,64
329,08	11210,31
329,29	11638,47
329,51	12061,58
329,72	12366,45
329,93	12591,32
330,14	12164,66
330,35	11992,63
330,56	11759,03
330,78	11679,84
330,99	12003,42
331,20	12449,19
331,41	12458,07
331,62	12481,14
331,84	12953,13
332,05	12449,47
332,26	12313,75
332,47	12024,31
332,68	11814,60
332,90	12014,89
333,11	11361,45
333,32	11624,68
333,53	11538,12
333,74	11694,31
333,95	11974,20
334,17	12210,26
334,38	12330,00
334,59	12606,07
334,80	12498,48
335,01	12223,23
335,22	12000,96
335,44	11616,49
335,65	10947,08
335,86	11115,42
336,07	10543,63
336,28	10595,64
336,49	10572,16
336,71	10659,13
336,92	11092,75
337,13	11412,10
337,34	11413,60
337,55	12039,87
337,76	12045,74
337,97	12222,41
338,19	12545,45
338,40	12460,52
338,61	12789,43
338,82	12899,61
339,03	13329,55
339,24	13451,74
339,45	13392,49
339,67	13877,72
339,88	13769,04
340,09	13573,80
340,30	13052,52
340,51	13182,50
340,72	13069,45
340,93	12861,93
341,15	13249,27
341,36	13531,20
341,57	13535,03
341,78	13843,86
341,99	13746,79
342,20	14061,90
342,41	14193,52
342,62	14009,20
342,84	13517,14
343,05	13400,54
343,26	12508,17
343,47	12251,36
343,68	11573,62
343,89	11536,21
344,10	11993,18
344,31	12204,94
344,53	12878,04
344,74	13122,15
344,95	13382,25
345,16	13555,64
345,37	13352,35
345,58	13333,10
345,79	13710,74
346,00	13789,79
346,21	13997,59
346,42	14098,76
346,64	13756,62
346,85	13921,82
347,06	13387,16
347,27	13560,56
347,48	13885,91
347,69	13686,58
347,90	13715,11
348,11	13876,63
348,32	13442,87
348,53	13601,79
348,75	13801,40
348,96	13658,72
349,17	14320,49
349,38	14822,24
349,59	15145,96
349,80	15731,95
350,01	15517,73
350,22	16046,79
350,43	15479,78
350,64	15806,09
350,85	15379,43
351,06	15004,92
351,28	14997,96
351,49	14724,49
351,70	14776,50
351,91	14257,28
352,12	14432,99
352,33	14297,96
352,54	15276,89
352,75	15447,42
352,96	15872,99
353,17	16611,21
353,38	16632,92
353,59	16854,10
353,80	17402,96
354,01	17315,58
354,22	16884,41
354,44	16863,93
354,65	16740,51
354,86	16562,33
355,07	16149,46
355,28	15952,31
355,49	15735,64
355,70	14993,59
355,91	14845,59
356,12	13911,85
356,33	13669,24
356,54	13296,78
356,75	13183,46
356,96	13035,87
357,17	12581,90
357,38	12176,40
357,59	11538,12
357,80	11647,07
358,01	11919,72
358,22	12124,38
358,43	13071,37
358,64	14016,43
358,85	15108,41
359,07	15761,99
359,28	16240,53
359,49	16393,85
359,70	16141,82
359,91	15922,00
360,12	15038,92
360,33	14687,21
360,54	14642,16
360,75	14650,21
360,96	14523,51
361,17	14233,11
361,38	14721,35
361,59	15659,72
361,80	16037,78
362,01	16260,33
362,22	16410,92
362,43	16708,15
362,64	16390,03
362,85	16865,16
363,06	16735,59
363,27	16936,57
363,48	17115,01
363,69	17107,37
363,90	16889,19
364,11	17154,74
364,32	17117,06
364,53	17867,57
364,74	18578,08
364,95	19421,30
365,16	19745,01
365,37	20647,07
365,58	20657,45
365,79	20832,35
366,00	20777,46
366,21	20760,12
366,42	20472,18
366,63	20162,39
366,84	19861,34
367,05	19412,42
367,26	19256,91
367,47	18695,09
367,68	18362,36
367,89	18048,61
368,10	17387,80
368,31	17268,06
368,52	17768,04
368,73	19237,94
368,94	19447,78
369,15	19511,95
369,36	20075,69
369,57	19767,54
369,78	19415,70
369,99	19636,06
370,20	19780,78
370,40	19844,54
370,61	20292,91
370,82	20336,06
371,03	20082,38
371,24	19965,10
371,45	19477,41
371,66	18547,36
371,87	18443,46
372,08	18820,56
372,29	18272,66
372,50	17170,99
372,71	17106,14
372,92	16670,19
373,13	16266,33
373,34	16321,36
373,55	16228,79
373,76	16253,64
373,97	15853,60
374,18	16300,88
374,39	16744,74
374,60	17590,55
374,81	18088,89
375,01	18214,50
375,22	19170,35
375,43	18985,08
375,64	19350,85
375,85	18901,39
376,06	19574,35
376,27	19881,13
376,48	20515,05
376,69	21016,12
376,90	22034,64
377,11	23372,78
377,32	22999,37
377,53	23809,14
377,74	23916,86
377,94	23252,77
378,15	22841,00
378,36	21514,87
378,57	21094,76
378,78	20033,50
378,99	19859,70
379,20	20097,95
379,41	20199,25
379,62	20250,32
379,83	21036,46
380,04	21624,50
380,25	21526,61
380,45	21331,78
380,66	20687,22
380,87	19906,53
381,08	18833,53
381,29	18202,07
381,50	16613,40
381,71	16283,95
381,92	15453,97
382,13	14568,29
382,34	13635,51
382,55	13347,43
382,75	13339,10
382,96	13287,36
383,17	13676,47
383,38	14722,85
383,59	15476,50
383,80	16434,27
384,01	17594,92
384,22	18695,91
384,43	18797,62
384,63	18077,01
384,84	18639,11
385,05	18028,41
385,26	18075,78
385,47	18332,73
385,68	18639,66
385,89	18797,49
386,10	18732,36
386,30	18877,22
386,51	18009,97
386,72	18760,21
386,93	18389,53
387,14	18362,77
387,35	18732,50
387,56	18246,04
387,77	18012,98
387,97	18563,88
388,18	19193,70
388,39	19693,27
388,60	20627,55
388,81	20952,63
389,02	21833,80
389,23	22473,73
389,43	22446,56
389,64	22454,20
389,85	22480,42
390,06	23084,84
390,27	23956,59
390,48	24484,97
390,69	24348,44
390,89	24899,89
391,10	24132,03
391,31	23329,09
391,52	22736,00
391,73	21333,42
391,94	19283,54
392,14	17284,04
392,35	15358,95
392,56	14222,87
392,77	13465,53
392,98	13333,10
393,19	13739,41
393,39	14994,41
393,60	16330,78
393,81	18629,01
394,02	19615,99
394,23	21327,96
394,44	22487,52
394,64	23366,91
394,85	24468,58
395,06	22888,51
395,27	22445,74
395,48	21327,68
395,69	18705,19
395,89	17811,32
396,10	16632,10
396,31	15553,37
396,52	16013,07
396,73	17297,28
396,93	19563,43
397,14	20987,72
397,35	23996,32
397,56	25188,79
397,77	26591,65
397,97	28880,59
398,18	30347,21
398,39	29676,71
398,60	30966,52
398,81	30931,70
399,01	31912,95
399,22	31424,72
399,43	32371,01
399,64	32206,36
399,85	32099,18
400,05	32248,68
400,26	32541,13
400,47	32822,11
400,68	33416,71
400,89	33137,50
401,09	34007,61
401,30	34480,97
401,51	34234,53
401,72	34086,12
401,93	35013,99
402,13	34344,98
402,34	33787,39
402,55	33668,61
402,76	33392,40
402,96	33438,69
403,17	32495,39
403,38	33254,64
403,59	32334,70
403,80	34360,14
404,00	33049,71
404,21	32074,06
404,42	33606,21
404,63	33153,75
404,83	33426,13
405,04	31775,60
405,25	32106,83
405,46	31757,71
405,66	31004,61
405,87	31504,04
406,08	31331,60
406,29	32328,55
406,49	31724,95
406,70	31819,15
406,91	31226,74
407,12	33200,99
407,32	32236,12
407,53	34008,84
407,74	34115,61
407,95	33352,67
408,15	35018,08
408,36	34134,59
408,57	34220,06
408,78	33970,34
408,98	33157,71
409,19	31690,40
409,40	32483,79
409,61	30945,76
409,81	31194,93
410,02	31924,97
410,23	32554,92
410,44	34028,23
410,64	34398,37
410,85	34351,81
411,06	35079,38
411,26	34622,14
411,47	35345,76
411,68	35571,03
411,89	34098,27
412,09	35315,04
412,30	34399,32
412,51	33571,81
412,72	33823,16
412,92	35075,70
413,13	34403,83
413,34	34265,66
413,54	34322,18
413,75	34576,68
413,96	34135,82
414,17	33573,03
414,37	33879,82
414,58	33842,41
414,79	34294,74
414,99	33554,33
415,20	34401,10
415,41	34809,46
415,61	35318,04
415,82	35655,82
416,03	33547,37
416,24	34006,25
416,44	34187,15
416,65	33857,70
416,86	34215,82
417,06	33093,81
417,27	32661,42
417,48	32580,86
417,68	33279,77
417,89	33627,51
418,10	32301,52
418,30	33386,12
418,51	32994,41
418,72	32896,80
418,92	33839,82
419,13	32071,46
419,34	33029,37
419,55	32603,53
419,75	33989,73
419,96	33510,09
420,17	35545,50
420,37	34760,17
420,58	33675,02
420,79	33506,27
420,99	34845,51
421,20	35143,14
421,41	33735,92
421,61	33730,32
421,82	31980,81
422,03	32886,15
422,23	31784,34
422,44	32816,11
422,65	32730,36
422,85	32722,85
423,06	32852,56
423,26	33727,18
423,47	34090,49
423,68	33023,77
423,88	33763,36
424,09	32826,89
424,30	33322,50
424,50	33415,07
424,71	33438,55
424,92	32750,57
425,12	32511,23
425,33	33992,46
425,54	34078,61
425,74	34066,59
425,95	32993,05
426,15	33784,79
426,36	31450,11
426,57	32521,61
426,77	31644,80
426,98	32501,81
427,19	32199,39
427,39	32797,13
427,60	31801,54
427,81	32101,91
428,01	31512,23
428,22	32976,12
428,42	30019,95
428,63	30721,99
428,84	29885,60
429,04	28496,39
429,25	27249,18
429,45	25732,45
429,66	25744,74
429,87	25752,39
430,07	25014,98
430,28	25470,31
430,49	26564,48
430,69	28621,32
430,90	29980,90
431,10	30749,57
431,31	31760,72
431,52	33252,05
431,72	32497,03
431,93	32490,61
432,13	33862,89
432,34	35217,55
432,55	32982,13
432,75	34671,43
432,96	33816,61
433,16	32931,88
433,37	32923,28
433,58	33689,77
433,78	33659,46
433,99	31505,13
434,19	33974,03
434,40	34179,51
434,60	34989,14
434,81	35049,48
435,02	35322,41
435,22	36367,15
435,43	35986,91
435,63	36279,77
435,84	37574,36
436,05	37420,62
436,25	35413,61
436,46	37322,18
436,66	36206,72
436,87	35839,45
437,07	34408,47
437,28	34139,09
437,48	33921,05
437,69	32782,11
437,90	32909,22
438,10	32972,30
438,31	33077,84
438,51	35003,88
438,72	34375,84
438,92	34579,41
439,13	34968,11
439,34	34457,76
439,54	34989,14
439,75	34319,18
439,95	34368,60
440,16	35271,07
440,36	35664,15
440,57	35653,22
440,77	36857,70
440,98	36318,40
441,18	36341,62
441,39	36690,59
441,60	38352,31
441,80	37989,14
442,01	36363,87
442,21	37762,50
442,42	36422,99
442,62	37240,26
442,83	37008,98
443,03	37439,33
443,24	37236,58
443,44	37325,87
443,65	37314,40
443,85	36984,95
444,06	37540,50
444,26	37435,78
444,47	36425,72
444,67	37117,11
444,88	36063,77
445,09	35045,25
445,29	35587,69
445,50	35437,64
445,70	35016,58
445,91	35744,02
446,11	35287,32
446,32	36765,41
446,52	37023,04
446,73	37142,10
446,93	37709,39
447,14	37603,44
447,34	38022,72
447,55	36648,67
447,75	37359,05
447,96	38124,58
448,16	37260,20
448,37	37649,45
448,57	37134,18
448,78	37967,29
448,98	37566,71
449,19	37795,67
449,39	38655,41
449,60	38629,88
449,80	39852,24
450,01	40041,07
450,21	39300,11
450,42	39975,94
450,62	39295,47
450,83	38920,14
451,03	38560,38
451,23	38869,35
451,44	38538,68
451,64	38562,30
451,85	37363,69
452,05	37835,54
452,26	36653,18
452,46	36455,07
452,67	36045,34
452,87	36132,45
453,08	36697,01
453,28	35411,70
453,49	37822,02
453,69	36738,37
453,90	37417,89
454,10	37883,05
454,31	37374,61
454,51	37235,08
454,71	37210,36
454,92	37536,40
455,12	37064,41
455,33	38508,50
455,53	39350,76
455,74	40355,63
455,94	40575,18
456,15	40947,63
456,35	42576,59
456,55	40968,39
456,76	42063,37
456,96	43529,17
457,17	40075,47
457,37	43601,39
457,58	41507,14
457,78	42790,26
457,99	42141,05
458,19	39999,29
458,39	42015,31
458,60	43210,09
458,80	41802,73
459,01	41039,38
459,21	40627,74
459,42	41852,56
459,62	40527,12
459,82	43995,56
460,03	43227,16
460,23	43447,66
460,44	43617,09
460,64	41333,33
460,85	45142,69
461,05	42430,91
461,25	42722,27
461,46	45276,49
461,66	44528,17
461,87	43586,24
462,07	44120,76
462,27	42705,88
462,48	42628,20
462,68	43677,99
462,89	43243,00
463,09	42420,67
463,29	43362,19
463,50	42697,96
463,70	43145,65
463,91	41712,75
464,11	41624,96
464,31	42107,33
464,52	42291,65
464,72	43966,61
464,93	43308,80
465,13	44289,37
465,33	43182,38
465,54	42166,58
465,74	42112,65
465,95	42660,42
466,15	42128,22
466,35	43151,38
466,56	43530,39
466,76	44060,41
466,96	43071,65
467,17	43664,47
467,37	43612,59
467,58	43913,09
467,78	43992,14
467,98	44431,09
468,19	44131,13
468,39	45523,48
468,59	45777,15
468,80	44534,04
469,00	44602,03
469,21	44285,28
469,41	44342,48
469,61	45493,44
469,82	43903,94
470,02	45172,59
470,22	45897,30
470,43	46099,09
470,63	45721,99
470,83	48205,63
471,04	47510,42
471,24	47861,58
471,45	47986,77
471,65	48868,08
471,85	47835,91
472,06	49057,73
472,26	48398,83
472,46	48691,96
472,67	48797,77
472,87	49074,93
473,07	48820,71
473,28	48693,87
473,48	50016,04
473,68	50199,13
473,89	50884,24
474,09	51352,00
474,29	50778,29
474,50	51363,47
474,70	51136,00
474,90	51651,27
475,11	51443,75
475,31	51183,93
475,51	50800,27
475,72	50888,47
475,92	49902,99
476,12	50186,98
476,33	51933,21
476,53	52635,25
476,73	52908,45
476,93	54210,28
477,14	53821,03
477,34	53952,51
477,54	54468,19
477,75	54704,66
477,95	54414,53
478,15	54598,30
478,36	55424,45
478,56	55515,93
478,76	56242,14
478,97	56328,29
479,17	55937,95
479,37	56172,64
479,57	55872,55
479,78	55582,69
479,98	56672,62
480,18	57058,05
480,39	57438,97
480,59	58662,97
480,79	58449,71
480,99	58452,03
481,20	59085,26
481,40	58829,40
481,60	58767,69
481,81	58904,63
482,01	59065,74
482,21	58568,36
482,41	59135,23
482,62	58591,84
482,82	59013,86
483,02	60226,39
483,23	59531,31
483,43	60352,41
483,63	58904,77
483,83	59314,64
484,04	60643,77
484,24	59635,89
484,44	59335,80
484,64	57644,18
484,85	56433,69
485,05	55214,06
485,25	54199,49
485,45	52957,88
485,66	52755,27
485,86	52287,92
486,06	53064,78
486,26	53928,48
486,47	55018,82
486,67	56105,06
486,87	56815,70
487,07	57802,14
487,28	57673,26
487,48	58489,30
487,68	59652,00
487,88	59479,70
488,09	59338,67
488,29	59588,52
488,49	60953,28
488,69	60958,88
488,90	62010,58
489,10	61954,60
489,30	62158,58
489,50	62984,19
489,71	63220,52
489,91	63281,69
490,11	63106,66
490,31	62828,27
490,52	62458,13
490,72	61759,50
490,92	62348,77
491,12	61447,80
491,32	60902,09
491,53	60813,34
491,73	61118,21
491,93	61726,32
492,13	62615,01
492,33	62485,30
492,54	61896,44
492,74	62889,02
492,94	62101,92
493,14	63019,96
493,35	62896,40
493,55	63282,37
493,75	63822,35
493,95	64146,07
494,15	64177,47
494,36	64213,65
494,56	63930,48
494,76	64052,95
494,96	63807,61
495,16	63860,03
495,37	63912,46
495,57	64106,34
495,77	63838,74
495,97	63774,70
496,17	64246,01
496,37	64041,89
496,58	64201,77
496,78	63338,62
496,98	63783,71
497,18	63016,54
497,38	62768,06
497,59	62761,50
497,79	61955,15
497,99	62167,46
498,19	62548,79
498,39	62316,41
498,59	62667,16
498,80	62510,29
499,00	62269,72
499,20	62186,57
499,40	61078,62
499,60	61192,76
499,80	60529,49
500,01	60615,78
500,21	59731,33
500,41	59485,30
500,61	59675,08
500,81	58545,15
501,01	58909,27
501,22	58723,18
501,42	58804,69
501,62	58548,83
501,82	58822,99
502,02	59138,51
502,22	59252,79
502,42	59390,27
502,63	59750,85
502,83	59041,71
503,03	58782,44
503,23	58609,73
503,43	57813,48
503,63	57805,69
503,83	58371,61
504,04	57946,59
504,24	58311,27
504,44	58324,65
504,64	59206,91
504,84	59390,96
505,04	59414,44
505,24	60100,65
505,44	59987,46
505,65	59884,11
505,85	59697,47
506,05	58957,74
506,25	59034,88
506,45	58147,70
506,65	57688,00
506,85	57826,45
507,05	57662,06
507,26	57230,49
507,46	56779,39
507,66	57371,39
507,86	56898,85
508,06	58128,59
508,26	57787,40
508,46	57793,41
508,66	58133,50
508,86	57967,48
509,06	57441,29
509,27	57749,99
509,47	57230,49
509,67	57214,10
509,87	57206,18
510,07	57605,40
510,27	57785,49
510,47	57801,73
510,67	57833,95
510,87	58150,43
511,07	58494,77
511,28	58024,01
511,48	57331,25
511,68	57703,43
511,88	57404,43
512,08	56674,26
512,28	56864,17
512,48	56538,14
512,68	56277,36
512,88	56087,17
513,08	56098,37
513,28	55883,33
513,48	55840,05
513,68	55992,42
513,89	55968,66
514,09	55352,64
514,29	56268,62
514,49	56369,66
514,69	56549,33
514,89	56666,75
515,09	56970,53
515,29	56523,94
515,49	55677,72
515,69	54167,27
515,89	53114,75
516,09	52256,93
516,29	51420,54
516,49	51077,98
516,69	51857,03
516,89	51361,28
517,09	52024,41
517,29	51713,67
517,50	51764,46
517,70	51842,14
517,90	51970,07
518,10	52122,31
518,30	53660,74
518,50	53386,72
518,70	54515,02
518,90	56041,85
519,10	56288,69
519,30	56785,80
519,50	57027,46
519,70	57142,83
519,90	57332,75
520,10	57413,98
520,30	57345,17
520,50	57380,67
520,70	58549,65
520,90	58190,57
521,10	58422,95
521,30	58325,47
521,50	59193,26
521,70	58684,82
521,90	58244,23
522,10	58540,64
522,30	57509,69
522,50	57579,73
522,70	58009,67
522,90	58849,06
523,10	59245,28
523,30	59659,65
523,50	59867,04
523,70	60022,41
523,90	60161,54
524,10	60023,37
524,30	59601,76
524,50	60016,54
524,70	60263,53
524,90	59957,15
525,10	59900,76
525,30	58804,83
525,50	58491,35
525,70	57564,85
525,90	55704,75
526,10	55311,13
526,30	55326,97
526,50	55247,10
526,70	55872,96
526,90	56083,08
527,10	56193,12
527,30	56960,43
527,50	57915,74
527,70	58173,51
527,90	58661,74
528,10	58849,20
528,30	59900,49
528,50	60032,11
528,70	59660,33
528,90	60090,68
529,10	59717,81
529,30	59381,54
529,50	59923,84
529,70	59685,86
529,90	60281,41
530,10	60336,30
530,29	60260,52
530,49	60613,05
530,69	60610,59
530,89	60538,91
531,09	59936,54
531,29	59359,96
531,49	59013,72
531,69	58021,82
531,89	57669,43
532,09	57166,32
532,29	56762,59
532,49	56786,21
532,69	57176,28
532,89	57607,59
533,09	57105,15
533,29	57746,57
533,49	57528,53
533,68	57502,05
533,88	58444,39
534,08	58244,64
534,28	58020,32
534,48	58567,13
534,68	58969,35
534,88	58898,49
535,08	59514,79
535,28	59567,63
535,48	59202,41
535,68	58219,25
535,88	58085,17
536,08	57713,53
536,27	57463,68
536,47	56960,97
536,67	57439,24
536,87	57335,21
537,07	57219,84
537,27	57501,50
537,47	57427,64
537,67	57174,92
537,87	57139,83
538,07	57715,17
538,27	57028,69
538,46	56915,65
538,66	56367,75
538,86	55559,62
539,06	56012,90
539,26	54990,01
539,46	54690,87
539,66	54475,70
539,86	54409,07
540,06	54083,44
540,25	53868,40
540,45	53758,50
540,65	53940,36
540,85	54576,46
541,05	54910,41
541,25	54743,84
541,45	54881,33
541,65	54768,96
541,85	54549,01
542,04	54460,81
542,24	54361,01
542,44	54055,45
542,64	54328,52
542,84	54344,76
543,04	54673,80
543,24	54369,20
543,43	54712,44
543,63	54957,92
543,83	54750,67
544,03	54244,96
544,23	54253,15
544,43	54243,87
544,63	54123,85
544,82	54487,03
545,02	53948,14
545,22	54080,57
545,42	53438,88
545,62	54071,43
545,82	53860,08
546,02	53791,13
546,21	53444,61
546,41	53177,83
546,61	52674,58
546,81	52803,73
547,01	51949,46
547,21	52142,10
547,40	52225,39
547,60	51828,08
547,80	52020,73
548,00	52392,23
548,20	52637,71
548,40	52383,63
548,59	52433,32
548,79	52528,35
548,99	52473,06
549,19	52076,16
549,39	51820,85
549,59	52254,20
549,78	51286,19
549,98	51802,96
550,18	51194,03
550,38	51352,95
550,58	51379,17
550,77	51284,14
550,97	51632,43
551,17	50882,19
551,37	51835,32
551,57	51136,41
551,76	50856,66
551,96	50583,19
552,16	50194,08
552,36	50621,15
552,56	50021,09
552,75	50157,76
552,95	50310,81
553,15	50567,49
553,35	50334,43
553,55	49942,18
553,74	50681,77
553,94	49951,19
554,14	50142,60
554,34	50076,52
554,54	50179,88
554,73	50165,40
554,93	50025,05
555,13	50177,56
555,33	49381,99
555,53	49615,46
555,72	48731,96
555,92	48816,34
556,12	48447,57
556,32	47986,64
556,51	47917,83
556,71	48163,45
556,91	47539,77
557,11	47715,08
557,30	47639,99
557,50	47337,02
557,70	46755,81
557,90	46628,70
558,10	46445,20
558,29	45869,86
558,49	46283,82
558,69	45580,41
558,89	45352,13
559,08	45471,73
559,28	45572,63
559,48	45614,54
559,68	45803,78
559,87	46206,27
560,07	46414,75
560,27	46574,09
560,47	46479,33
560,66	46279,04
560,86	45760,77
561,06	45529,21
561,25	45616,87
561,45	45729,09
561,65	45459,85
561,85	45427,50
562,04	45377,53
562,24	45598,84
562,44	45756,13
562,64	45364,28
562,83	45566,21
563,03	45188,84
563,23	44907,86
563,42	44776,52
563,62	45111,43
563,82	44659,37
564,02	44752,62
564,21	44744,29
564,41	44627,15
564,61	44290,46
564,80	43987,23
565,00	43615,04
565,20	43441,51
565,40	43169,95
565,59	43105,51
565,79	43486,16
565,99	43703,93
566,18	43418,17
566,38	43573,54
566,58	43530,53
566,78	43639,21
566,97	43817,66
567,17	43541,45
567,37	43511,28
567,56	43117,66
567,76	42716,81
567,96	42534,67
568,15	42296,70
568,35	42250,41
568,55	42472,14
568,74	42056,13
568,94	42261,06
569,14	42215,46
569,33	41713,44
569,53	41658,41
569,73	41507,55
569,92	40770,83
570,12	40607,67
570,32	40489,43
570,52	40132,13
570,71	40452,02
570,91	40616,41
571,11	41036,65
571,30	40688,09
571,50	41066,28
571,70	41585,64
571,89	41014,26
572,09	41401,33
572,28	41467,68
572,48	41143,01
572,68	41392,45
572,87	41519,97
573,07	41734,60
573,27	41372,38
573,46	41248,00
573,66	41187,11
573,86	40918,83
574,05	40993,10
574,25	40628,97
574,45	40081,34
574,64	40187,02
574,84	40226,20
575,04	39904,40
575,23	39776,33
575,43	40194,12
575,62	40238,22
575,82	39760,90
576,02	39483,88
576,21	40077,11
576,41	40156,16
576,61	40166,67
576,80	39891,15
577,00	39664,51
577,19	39517,60
577,39	39745,61
577,59	39490,16
577,78	39166,17
577,98	39234,85
578,18	39125,76
578,37	39385,31
578,57	39693,87
578,76	39525,25
578,96	39628,60
579,16	39832,86
579,35	40255,69
579,55	39595,02
579,74	39665,06
579,94	39909,31
580,14	40404,10
580,33	40196,71
580,53	40492,30
580,72	40223,34
580,92	40313,72
581,12	40121,35
581,31	40642,21
581,51	40983,40
581,70	40561,93
581,90	41092,49
582,10	40863,67
582,29	41120,75
582,49	40783,66
582,68	41047,44
582,88	41089,49
583,07	41026,28
583,27	40884,42
583,47	41252,51
583,66	41035,15
583,86	40709,25
584,05	40732,32
584,25	40439,60
584,44	40530,26
584,64	40197,39
584,84	40025,91
585,03	39617,41
585,23	39611,27
585,42	39607,58
585,62	39289,32
585,81	39736,05
586,01	39811,69
586,20	40030,28
586,40	39952,59
586,60	39670,79
586,79	39877,36
586,99	39425,86
587,18	39516,24
587,38	39313,22
587,57	38613,36
587,77	38093,04
587,96	37541,59
588,16	36423,12
588,35	36016,53
588,55	35438,46
588,75	35242,40
588,94	34842,37
589,14	35012,21
589,33	34916,23
589,53	35958,92
589,72	35674,80
589,92	36499,17
590,11	36335,88
590,31	36740,42
590,50	36956,82
590,70	36777,56
590,89	37155,75
591,09	36683,35
591,28	36794,76
591,48	36921,19
591,67	36678,44
591,87	37049,94
592,06	36963,38
592,26	37065,23
592,45	36717,76
592,65	37312,90
592,84	36936,35
593,04	36991,09
593,23	36724,31
593,43	36760,36
593,62	36362,50
593,82	36209,86
594,01	36031,96
594,21	36220,78
594,40	35941,72
594,60	35570,08
594,79	36064,59
594,99	35826,07
595,18	36297,11
595,38	36090,53
595,57	35993,05
595,77	36579,04
595,96	36358,68
596,16	36445,79
596,35	36213,14
596,55	35810,51
596,74	35947,04
596,94	35797,67
597,13	35848,74
597,33	35829,21
597,52	35414,57
597,72	35441,05
597,91	35540,31
598,11	35257,97
598,30	35250,73
598,50	35391,77
598,69	35242,81
598,88	35258,24
599,08	35052,21
599,27	35365,96
599,47	34973,57
599,66	35001,97
599,86	34929,47
600,05	34988,73
600,25	35031,19
600,44	34465,40
600,64	34566,30
600,83	34324,50
601,02	34444,51
601,22	34050,35
601,41	34027,96
601,61	34001,06
601,80	33933,07
602,00	34133,09
602,19	33767,59
602,38	33858,52
602,58	33854,02
602,77	34246,41
602,97	34417,89
603,16	34475,78
603,36	34044,48
603,55	34674,57
603,74	33955,73
603,94	34197,39
604,13	34238,76
604,33	34148,51
604,52	33942,76
604,72	33802,00
604,91	33553,24
605,10	34046,39
605,30	33430,09
605,49	33696,46
605,69	33525,25
605,88	33255,05
606,07	33634,34
606,27	33500,81
606,46	33373,97
606,66	32986,22
606,85	32505,22
607,04	32703,06
607,24	32409,11
607,43	32684,08
607,63	32233,53
607,82	32191,34
608,01	32195,02
608,21	31819,70
608,40	32044,16
608,60	31636,61
608,79	31656,95
608,98	31373,52
609,18	31806,18
609,37	31199,71
609,57	31187,83
609,76	31190,43
609,95	31276,31
610,15	31467,59
610,34	31429,36
610,53	31285,18
610,73	31281,49
610,92	31406,28
611,11	31276,72
611,31	31236,85
611,50	31184,83
611,70	31175,00
611,89	31131,31
612,08	31235,62
612,28	31080,52
612,47	31129,26
612,66	30939,62
612,86	30776,74
613,05	30715,03
613,24	30664,24
613,44	30725,81
613,63	30602,93
613,82	30847,46
614,02	31139,91
614,21	30748,34
614,41	30955,73
614,60	31302,52
614,79	30679,80
614,99	30697,28
615,18	30812,92
615,37	30566,89
615,57	30868,90
615,76	30370,15
615,95	30251,91
616,15	30183,24
616,34	30702,19
616,53	30631,61
616,73	31344,84
616,92	31149,74
617,11	31139,91
617,30	31214,05
617,50	31512,23
617,69	31646,31
617,88	31746,93
618,08	31502,26
618,27	32034,46
618,46	31783,79
618,66	31725,63
618,85	32032,01
619,04	31978,49
619,24	32346,85
619,43	32444,74
619,62	32418,80
619,82	32467,81
620,01	32417,02
620,20	32543,73
620,39	32167,99
620,59	32508,23
620,78	32350,94
620,97	32576,90
621,17	32110,92
621,36	32404,46
621,55	32183,56
621,74	32269,84
621,94	32075,56
622,13	32356,68
622,32	32093,31
622,52	31940,26
622,71	31812,46
622,90	31695,18
623,09	31647,53
623,29	31751,98
623,48	31499,94
623,67	31603,02
623,86	31108,92
624,06	31351,12
624,25	31178,41
624,44	31166,53
624,64	31192,34
624,83	30897,02
625,02	30562,79
625,21	30865,48
625,41	30880,23
625,60	31045,57
625,79	30965,56
625,98	30992,18
626,18	31334,06
626,37	30836,40
626,56	30534,53
626,75	30565,52
626,95	29793,58
627,14	29586,87
627,33	29591,78
627,52	29444,74
627,72	29406,24
627,91	29660,46
628,10	29690,22
628,29	29756,03
628,49	29358,86
628,68	29542,50
628,87	29566,25
629,06	29652,54
629,25	29236,53
629,45	29097,13
629,64	29282,27
629,83	29553,14
630,02	29287,73
630,22	29336,20
630,41	29428,36
630,60	29353,40
630,79	29072,28
630,98	29002,24
631,18	28951,59
631,37	28862,57
631,56	29135,91
631,75	29624,82
631,94	29558,74
632,14	29543,45
632,33	29562,16
632,52	29675,89
632,71	29764,90
632,90	29459,76
633,10	29429,31
633,29	29352,99
633,48	29153,65
633,67	29388,90
633,86	29595,20
634,06	29455,12
634,25	29527,48
634,44	29701,42
634,63	29391,49
634,82	29613,76
635,02	29198,71
635,21	29333,47
635,40	29289,23
635,59	29141,91
635,78	29268,61
635,97	29196,80
636,17	28937,93
636,36	29468,36
636,55	29486,38
636,74	29696,64
636,93	29305,07
637,12	29534,71
637,32	29783,88
637,51	29271,34
637,70	29373,47
637,89	29466,58
638,08	29192,16
638,27	29414,98
638,47	29135,22
638,66	29193,93
638,85	28749,25
639,04	28954,86
639,23	28681,39
639,42	28610,40
639,62	28649,72
639,81	28539,81
640,00	28351,40
640,19	28343,75
640,38	28390,44
640,57	28322,59
640,76	28094,72
640,95	28382,25
641,15	28068,91
641,34	28213,64
641,53	28158,89
641,72	28152,20
641,91	28203,26
642,10	28320,95
642,29	28364,64
642,49	28296,65
642,68	28155,06
642,87	28107,69
643,06	28381,57
643,25	28272,07
643,44	28019,08
643,63	28114,79
643,82	28108,78
644,01	28367,78
644,21	28097,45
644,40	27941,53
644,59	27636,38
644,78	27748,07
644,97	27544,63
645,16	27688,81
645,35	27271,16
645,54	27415,88
645,73	27008,48
645,92	27309,80
646,12	27058,31
646,31	26817,74
646,50	26832,21
646,69	26906,90
646,88	26573,35
647,07	26665,92
647,26	26298,65
647,45	26289,09
647,64	26396,00
647,83	26483,79
648,02	26425,49
648,22	26122,25
648,41	25847,28
648,60	25687,81
648,79	25730,27
648,98	25551,14
649,17	25458,03
649,36	25667,06
649,55	25702,14
649,74	25854,24
649,93	25921,82
650,12	26338,93
650,31	26425,08
650,50	25956,50
650,69	25845,37
650,88	26218,92
651,08	25452,43
651,27	25986,81
651,46	25869,53
651,65	25726,45
651,84	25506,09
652,03	25925,78
652,22	25744,06
652,41	25882,23
652,60	26071,32
652,79	26024,63
652,98	25795,94
653,17	25735,87
653,36	25563,70
653,55	25556,88
653,74	25368,46
653,93	25380,34
654,12	24880,77
654,31	24934,84
654,50	24719,94
654,69	24571,80
654,88	24117,97
655,07	23253,32
655,26	22361,09
655,45	22021,67
655,64	21616,17
655,83	21538,21
656,02	21595,28
656,21	21713,52
656,40	22113,42
656,59	22595,65
656,78	22759,49
656,97	23163,62
657,17	23521,88
657,36	23713,98
657,55	23664,01
657,74	24154,29
657,93	24153,06
658,12	24216,14
658,31	24257,23
658,50	24295,19
658,69	24085,75
658,87	24472,54
659,06	24235,94
659,25	24328,64
659,44	24349,94
659,63	24646,35
659,82	24788,34
660,01	24481,28
660,20	24509,68
660,39	24557,88
660,58	24354,99
660,77	24532,62
660,96	24576,31
661,15	24216,55
661,34	24687,44
661,53	24547,09
661,72	24553,92
661,91	24583,00
662,10	24253,14
662,29	24222,96
662,48	23927,92
662,67	24007,25
662,86	23852,83
663,05	23927,92
663,24	24069,09
663,43	23767,91
663,62	23909,76
663,81	23707,15
664,00	23802,45
664,19	23677,11
664,38	23751,93
664,57	23743,06
664,76	23574,44
664,94	23730,09
665,13	23514,09
665,32	23432,59
665,51	23570,48
665,70	23056,03
665,89	23248,00
666,08	23126,89
666,27	23220,01
666,46	23290,73
666,65	23099,04
666,84	23170,45
667,03	23141,09
667,22	22762,63
667,41	23217,41
667,60	23042,52
667,78	23030,50
667,97	23033,37
668,16	23045,11
668,35	22926,87
668,54	22761,94
668,73	22888,64
668,92	22565,34
669,11	22608,62
669,30	22526,56
669,49	22609,03
669,68	22494,62
669,86	22535,30
670,05	22461,17
670,24	22290,09
670,43	22118,47
670,62	22249,54
670,81	22018,39
671,00	21961,46
671,19	21946,17
671,38	21663,55
671,57	21887,46
671,75	21895,52
671,94	21727,99
672,13	21885,28
672,32	21837,49
672,51	21783,83
672,70	21780,28
672,89	21568,25
673,08	21633,24
673,26	21630,51
673,45	21335,60
673,64	21660,68
673,83	21363,73
674,02	21477,18
674,21	21385,85
674,40	21514,18
674,59	21366,05
674,77	21406,33
674,96	21386,53
675,15	21056,40
675,34	21296,28
675,53	21357,99
675,72	20933,65
675,91	21130,67
676,09	20976,93
676,28	21267,88
676,47	20732,41
676,66	20710,97
676,85	20930,10
677,04	20995,50
677,22	20826,48
677,41	20732,54
677,60	20790,57
677,79	20599,02
677,98	20627,28
678,17	20554,10
678,36	20705,10
678,54	20577,72
678,73	20497,85
678,92	20423,85
679,11	20432,04
679,30	20367,46
679,48	20374,01
679,67	20434,91
679,86	20514,91
680,05	20234,07
680,24	20153,65
680,43	20209,63
680,61	20051,39
680,80	20129,62
680,99	20139,04
681,18	19964,69
681,37	19919,09
681,55	20170,99
681,74	19937,66
681,93	19958,68
682,12	19778,05
682,31	19800,72
682,49	19814,78
682,68	19686,17
682,87	19670,47
683,06	19670,33
683,25	19460,89
683,43	19528,20
683,62	19273,30
683,81	19492,70
684,00	19308,93
684,19	19304,70
684,37	19159,98
684,56	19071,23
684,75	19074,92
684,94	19023,31
685,12	19117,65
685,31	18964,33
685,50	18597,06
685,69	18007,24
685,88	16995,41
686,06	16019,62
686,25	14869,75
686,44	14195,43
686,63	13372,01
686,81	13274,93
687,00	13288,45
687,19	13566,84
687,38	13845,91
687,56	14035,82
687,75	14246,63
687,94	14347,25
688,13	14144,64
688,31	14175,22
688,50	14053,57
688,69	14119,93
688,88	14161,98
689,06	14363,91
689,25	14490,47
689,44	14538,39
689,63	14716,70
689,81	15073,19
690,00	15002,46
690,19	15269,93
690,38	15360,99
690,56	15459,02
690,75	15829,84
690,94	15722,12
691,13	15931,01
691,31	16122,16
691,50	16091,30
691,69	16262,10
691,87	16211,17
692,06	16391,81
692,25	16394,81
692,44	16240,94
692,62	16163,93
692,81	16533,66
693,00	16333,78
693,18	16284,08
693,37	16070,96
693,56	15957,09
693,75	16066,86
693,93	16200,25
694,12	16145,50
694,31	16086,25
694,49	16169,12
694,68	16283,13
694,87	16064,13
695,05	16286,68
695,24	16160,38
695,43	16157,65
695,62	16295,69
695,80	16570,93
695,99	16610,39
696,18	16740,23
696,36	16945,58
696,55	16703,78
696,74	16486,28
696,92	16655,72
697,11	16566,02
697,30	16763,72
697,48	16469,90
697,67	16432,49
697,86	16190,01
698,04	16201,75
698,23	16104,68
698,42	16285,72
698,60	16060,58
698,79	16164,89
698,98	16054,71
699,16	15837,22
699,35	15760,35
699,54	15787,52
699,72	15683,62
699,91	15888,14
700,10	15645,53
700,28	15475,54
700,47	15587,36
700,66	15494,25
700,84	15480,87
701,03	15180,77
701,21	15423,25
701,40	15440,05
701,59	15276,35
701,77	15241,26
701,96	15297,92
702,15	15391,17
702,33	15392,81
702,52	15514,05
702,71	15392,12
702,89	15577,40
703,08	15492,20
703,26	15497,80
703,45	15725,67
703,64	15662,46
703,82	15717,07
704,01	15669,83
704,20	15668,46
704,38	15655,77
704,57	15459,98
704,75	15504,63
704,94	15451,11
705,13	15596,65
705,31	15530,84
705,50	15554,60
705,68	15547,36
705,87	15490,15
706,06	15538,89
706,24	15605,25
706,43	15423,39
706,61	15541,63
706,80	15357,85
706,99	15622,45
707,17	15568,66
707,36	15538,62
707,54	15380,79
707,73	15546,68
707,92	15362,36
708,10	15296,42
708,29	15198,25
708,47	15241,80
708,66	15194,29
708,84	15305,15
709,03	15228,01
709,22	15217,91
709,40	15170,53
709,59	15264,33
709,77	15253,68
709,96	15218,05
710,14	14983,08
710,33	15149,10
710,52	14968,33
710,70	15192,24
710,89	14861,84
711,07	14936,79
711,26	14978,16
711,44	14836,44
711,63	14929,83
711,81	14947,44
712,00	14758,35
712,19	14761,21
712,37	14705,37
712,56	14805,99
712,74	14559,28
712,93	14767,90
713,11	14668,37
713,30	14525,15
713,48	14616,49
713,67	14719,71
713,85	14314,76
714,04	14362,27
714,22	14298,51
714,41	14426,16
714,59	14127,98
714,78	14237,34
714,97	14248,26
715,15	14013,84
715,34	14061,35
715,52	13787,74
715,71	13658,04
715,89	13228,38
716,08	13011,97
716,26	12690,17
716,45	12231,43
716,63	12173,81
716,82	11775,14
717,00	11724,76
717,19	11670,55
717,37	11303,70
717,56	11053,30
717,74	11004,56
717,93	10726,03
718,11	10654,63
718,30	10406,96
718,48	10402,32
718,67	10536,39
718,85	10240,12
719,04	10168,30
719,22	10082,56
719,41	10198,07
719,59	10188,78
719,78	10134,58
719,96	10357,26
720,15	10603,29
720,33	11120,06
720,52	11220,55
720,70	11445,41
720,88	11785,24
721,07	11926,00
721,25	11967,10
721,44	12102,13
721,62	11936,93
721,81	12039,33
721,99	11941,71
722,18	11955,09
722,36	11781,01
722,55	11710,29
722,73	11313,94
722,92	11183,41
723,10	10920,04
723,28	10938,20
723,47	10799,62
723,65	10865,70
723,84	10706,23
724,02	10634,42
724,21	10598,65
724,39	10609,84
724,58	10534,48
724,76	10699,27
724,94	10379,92
725,13	10673,19
725,31	10525,88
725,50	10694,77
725,68	10608,07
725,87	10557,55
726,05	10702,68
726,23	10649,71
726,42	10648,75
726,60	10533,25
726,79	10332,96
726,97	10360,81
727,16	10233,70
727,34	10293,36
727,52	10395,76
727,71	10450,65
727,89	10364,77
728,08	10381,02
728,26	10255,68
728,44	10163,80
728,63	10364,91
728,81	10216,50
729,00	10332,14
729,18	10494,61
729,36	10404,91
729,55	10438,22
729,73	10417,74
729,92	10407,64
730,10	10134,58
730,28	10405,32
730,47	10342,38
730,65	10546,36
730,84	10498,30
731,02	10372,69
731,20	10782,42
731,39	10780,92
731,57	10736,41
731,75	11085,25
731,94	10901,34
732,12	11061,22
732,31	10964,42
732,49	11056,71
732,67	11070,50
732,86	11285,95
733,04	11278,30
733,22	11291,13
733,41	11226,83
733,59	11538,67
733,78	11365,41
733,96	11258,78
734,14	11320,22
734,33	11285,81
734,51	11244,99
734,69	11208,53
734,88	11146,41
735,06	11142,59
735,24	11120,61
735,43	11164,57
735,61	10920,59
735,79	10999,09
735,98	10843,31
736,16	11029,54
736,34	10902,02
736,53	11121,56
736,71	11043,19
736,89	11014,39
737,08	11059,58
737,26	11152,28
737,44	11035,68
737,63	11023,40
737,81	10790,34
737,99	10835,26
738,18	10654,76
738,36	10936,43
738,54	10615,17
738,73	10911,03
738,91	10797,03
739,09	10875,53
739,28	10691,49
739,46	10735,32
739,64	10815,87
739,82	10777,09
740,01	10609,71
740,19	10865,98
740,37	10618,04
740,56	10565,06
740,74	10560,97
740,92	10539,67
741,11	10452,29
741,29	10592,91
741,47	10582,40
741,65	10535,43
741,84	10594,01
742,02	10629,91
742,20	10584,31
742,39	10496,39
742,57	10657,90
742,75	10565,33
742,93	10544,85
743,12	10485,74
743,30	10507,72
743,48	10573,94
743,67	10466,49
743,85	10423,07
744,03	10445,87
744,21	10308,38
744,40	10143,86
744,58	10401,36
744,76	10338,42
744,94	10325,72
745,13	10323,67
745,31	10282,58
745,49	10218,68
745,67	10124,61
745,86	10242,30
746,04	10221,28
746,22	10128,02
746,40	10085,29
746,59	10094,85
746,77	10223,46
746,95	10195,33
747,13	10101,13
747,32	9936,61
747,50	9952,04
747,68	9972,65
747,86	9912,44
748,05	9913,12
748,23	9859,06
748,41	9872,71
748,59	9802,67
748,77	9628,18
748,96	9541,08
749,14	9542,44
749,32	9741,91
749,50	9617,94
749,69	9671,87
749,87	9440,18
750,05	9558,01
750,23	9502,17
750,41	9363,72
750,60	9449,05
750,78	9388,98
750,96	9399,90
751,14	9346,93
751,32	9299,42
751,51	9349,93
751,69	9205,62
751,87	9142,13
752,05	9277,98
752,23	9240,84
752,42	9153,06
752,60	9174,22
752,78	9054,21
752,96	9126,57
753,14	9171,08
753,33	9133,94
753,51	9101,45
753,69	9169,98
753,87	9146,23
754,05	9252,59
754,23	9095,44
754,42	9100,22
754,60	9017,89
754,78	9182,00
754,96	8902,93
755,14	8986,90
755,32	8892,28
755,51	8969,42
755,69	8916,45
755,87	8950,99
756,05	8807,49
756,23	9047,11
756,41	8910,99
756,60	8981,44
756,78	8911,94
756,96	8957,82
757,14	8930,78
757,32	8956,86
757,50	9093,66
757,68	8940,61
757,87	8878,90
758,05	8908,80
758,23	8564,20
758,41	8382,47
758,59	7599,06
758,77	6894,69
758,95	5812,00
759,14	4755,11
759,32	3905,48
759,50	3087,79
759,68	2437,63
759,86	1943,39
760,04	1643,84
760,22	1456,52
760,40	1714,97
760,59	1726,57
760,77	2243,21
760,95	2590,00
761,13	3040,28
761,31	3476,36
761,49	3547,22
761,67	3588,86
761,85	3234,29
762,03	3070,45
762,22	2994,40
762,40	2808,17
762,58	2662,63
762,76	2713,15
762,94	2738,68
763,12	2889,96
763,30	3055,43
763,48	3277,02
763,66	3364,95
763,84	3657,81
764,02	3890,59
764,21	4124,47
764,39	4540,48
764,57	4750,33
764,75	5006,05
764,93	5308,74
765,11	5509,58
765,29	5859,65
765,47	6059,12
765,65	6337,23
765,83	6637,60
766,01	6869,02
766,19	7184,00
766,37	7519,73
766,56	7705,28
766,74	7828,29
766,92	7916,08
767,10	8134,26
767,28	8314,07
767,46	8431,35
767,64	8546,86
767,82	8670,42
768,00	8599,42
768,18	8693,76
768,36	8834,80
768,54	8843,81
768,72	8865,79
768,90	8753,70
769,08	8802,17
769,26	8916,86
769,44	8824,29
769,62	8948,26
769,80	8942,25
769,98	8965,19
770,16	8906,89
770,34	8923,96
770,52	8834,39
770,71	8892,42
770,89	8728,44
771,07	8771,86
771,25	8641,20
771,43	8786,88
771,61	8726,39
771,79	8695,13
771,97	8646,66
772,15	8693,63
772,33	8569,79
772,51	8694,86
772,69	8564,61
772,87	8600,38
773,05	8597,37
773,23	8600,38
773,41	8502,35
773,59	8534,57
773,77	8256,86
773,95	8415,10
774,13	8186,00
774,31	8274,61
774,49	8050,97
774,67	8115,42
774,85	8089,20
775,03	8058,48
775,21	8063,26
775,39	8139,58
775,57	7905,57
775,75	8143,82
775,93	7992,81
776,10	7881,54
776,28	7847,95
776,46	7704,73
776,64	7703,91
776,82	7741,87
777,00	9033,32
777,18	7625,13
777,36	7517,27
777,54	7597,55
777,72	7345,11
777,90	7524,65
778,08	7370,50
778,26	7427,44
778,44	7398,49
778,62	7386,75
778,80	7484,64
778,98	7353,85
779,16	7233,56
779,34	7451,06
779,52	7115,74
779,70	7298,00
779,88	7112,73
780,05	7104,81
780,23	6928,96
780,41	7066,31
780,59	6982,62
780,77	7050,88
780,95	6961,86
781,13	7014,84
781,31	6918,86
781,49	6880,08
781,67	6852,37
781,85	6902,88
782,03	6674,33
782,21	6769,49
782,39	6712,01
782,56	6665,05
782,74	6579,71
782,92	6549,95
783,10	6646,75
783,28	6501,21
783,46	6374,78
783,64	6631,87
783,82	6399,36
784,00	6505,71
784,18	6454,65
784,35	6394,03
784,53	6342,15
784,71	6329,86
784,89	6298,60
785,07	6337,64
785,25	6318,12
785,43	6366,04
785,61	6026,76
785,79	6208,90
785,96	6182,82
786,14	6129,98
786,32	6195,92
786,50	6043,97
786,68	5831,11
786,86	5955,08
787,04	5990,58
787,22	5854,73
787,39	5800,94
787,57	5828,66
787,75	5819,23
787,93	5774,04
788,11	5708,10
788,29	5719,43
788,47	5657,04
788,65	5583,99
788,82	5517,36
789,00	5612,39
789,18	5503,44
789,36	5508,49
789,54	5381,24
789,72	5430,26
789,89	5419,47
790,07	5480,91
790,25	5414,97
790,43	5359,81
790,61	5387,52
790,79	5245,94
790,96	5285,12
791,14	5414,69
791,32	5146,27
791,50	5263,14
791,68	5192,56
791,86	5154,33
792,03	5093,30
792,21	5064,63
792,39	5092,48
792,57	5032,54
792,75	4926,87
792,93	5060,80
793,10	5011,52
793,28	5042,65
793,46	4945,43
793,64	4978,61
793,82	5040,60
793,99	5068,31
794,17	4862,01
794,35	4938,34
794,53	4896,83
794,71	4820,92
794,88	4835,94
795,06	4942,16
795,24	4751,01
795,42	4762,48
795,60	4732,86
795,77	4632,51
795,95	4675,38
796,13	4655,99
796,31	4725,35
796,49	4896,15
796,66	4705,55
796,84	4700,22
797,02	4744,05
797,20	4804,94
797,37	4782,55
797,55	4649,30
797,73	4615,99
797,91	4571,75
798,08	4676,33
798,26	4672,78
798,44	4503,35
798,62	4536,39
798,80	4505,12
798,97	4517,00
799,15	4367,50
799,33	4484,23
799,51	4489,28
799,68	4386,61
799,86	4421,70
800,04	4339,37
800,22	4332,82
800,39	4304,97
800,57	4389,34
800,75	4345,93
800,93	4251,72
801,10	4306,61
801,28	4296,23
801,46	4204,89
801,63	4159,56
801,81	4225,64
801,99	4103,04
802,17	4063,72
802,34	4188,64
802,52	4053,61
802,70	4162,43
802,88	4179,36
803,05	4114,64
803,23	4077,92
803,41	4033,13
803,58	4070,27
803,76	3989,03
803,94	4035,86
804,12	3982,75
804,29	3906,30
804,47	4069,72
804,65	3980,84
804,82	3926,09
805,00	3948,76
805,18	3951,62
805,35	4005,96
805,53	3948,89
805,71	3968,83
805,89	4027,54
806,06	3973,74
806,24	3810,31
806,42	3912,44
806,59	3817,14
806,77	3938,11
806,95	3822,47
807,12	3825,33
807,30	3778,78
807,48	3686,62
807,65	3707,92
807,83	3776,59
808,01	3652,76
808,18	3706,82
808,36	3683,89
808,54	3610,84
808,71	3601,28
808,89	3579,44
809,07	3516,77
809,24	3546,26
809,42	3565,24
809,60	3465,30
809,77	3525,92
809,95	3548,04
810,13	3422,29
810,30	3389,52
810,48	3511,72
810,66	3398,40
810,83	3426,93
811,01	3405,50
811,18	3337,64
811,36	3285,62
811,54	3339,14
811,71	3314,02
811,89	3357,99
812,07	3224,60
812,24	3328,09
812,42	3124,93
812,59	3044,24
812,77	3079,33
812,95	2998,50
813,12	2984,44
813,30	2942,25
813,48	2941,43
813,65	2898,42
813,83	2890,50
814,00	2815,00
814,18	2819,51
814,36	2673,69
814,53	2654,71
814,71	2624,40
814,88	2670,28
815,06	2564,33
815,24	2653,21
815,41	2473,95
815,59	2486,78
815,76	2362,81
815,94	2470,81
816,12	2377,96
816,29	2560,10
816,47	2433,12
816,64	2598,19
816,82	2464,66
817,00	2549,04
817,17	2414,83
817,35	2556,00
817,52	2341,92
817,70	2424,25
817,87	2473,40
818,05	2434,49
818,23	2364,18
818,40	2486,10
818,58	2410,05
818,75	2369,50
818,93	2311,61
819,10	2417,56
819,28	2323,90
819,46	2395,58
819,63	2402,27
819,81	2616,62
819,98	2580,03
820,16	2684,34
820,33	2554,64
820,51	2697,99
820,68	2562,28
820,86	2575,39
821,03	2565,15
821,21	2484,05
821,39	2526,78
821,56	2370,46
821,74	2195,01
821,91	2100,81
822,09	2016,84
822,26	1945,16
822,44	1859,01
822,61	1864,06
822,79	2068,86
822,96	2145,18
823,14	2132,75
823,31	2241,98
823,49	2379,88
823,66	2322,40
823,84	2377,69
824,01	2341,10
824,19	2305,88
824,36	2402,40
824,54	2396,67
824,71	2415,92
824,89	2367,18
825,06	2337,01
825,24	2283,76
825,41	2268,60
825,59	2275,70
825,76	2302,60
825,94	2289,90
826,11	2410,60
826,29	2340,96
826,46	2268,74
826,64	2303,83
826,81	2211,26
826,99	2137,12
827,16	2065,44
827,34	2019,02
827,51	2064,22
827,69	2179,31
827,86	2119,24
828,04	2054,80
828,21	2076,64
828,39	2093,57
828,56	2056,30
828,74	2136,85
828,91	2077,73
829,09	2206,89
829,26	2066,67
829,43	2130,84
829,61	2028,31
829,78	2035,13
829,96	2104,36
830,13	1974,92
830,31	2137,67
830,48	1995,54
830,66	2038,28
830,83	2005,10
831,01	1985,44
831,18	1981,07
831,35	1993,08
831,53	2021,62
831,70	2019,30
831,88	2108,18
832,05	1975,06
832,23	1939,15
832,40	2026,40
832,57	1995,13
832,75	1916,76
832,92	1963,05
833,10	2067,63
833,27	1931,23
833,45	1902,84
833,62	1929,32
833,79	2004,55
833,97	1944,20
834,14	1996,09
834,32	2036,64
834,49	1963,73
834,66	1943,25
834,84	1896,83
835,01	2011,24
835,19	1941,88
835,36	1877,03
835,53	2022,44
835,71	1940,93
835,88	1973,70
836,06	1942,43
836,23	2048,65
836,40	1853,28
836,58	1920,72
836,75	1880,04
836,93	1878,81
837,10	1886,32
837,27	1882,22
837,45	1849,32
837,62	1819,83
837,79	1809,45
837,97	1995,40
838,14	1804,94
838,32	1847,68
838,49	1778,59
838,66	1876,35
838,84	1882,36
839,01	1879,90
839,18	1880,44
839,36	1773,27
839,53	1743,50
839,70	1822,15
839,88	1799,89
840,05	1825,15
840,23	1782,42
840,40	1755,79
840,57	1795,11
840,75	1755,66
840,92	1815,87
841,09	1806,99
841,27	1794,43
841,44	1727,94
841,61	1763,71
841,79	1716,20
841,96	1744,46
842,13	1617,35
842,31	1679,61
842,48	1713,60
842,65	1645,75
842,83	1710,19
843,00	1669,64
843,17	1649,02
843,35	1702,41
843,52	1643,02
843,69	1633,73
843,86	1680,15
844,04	1577,62
844,21	1636,19
844,38	1630,05
844,56	1598,64
844,73	1623,22
844,90	1644,38
845,08	1658,45
845,25	1620,49
845,42	1691,35
845,60	1619,26
845,77	1567,24
845,94	1563,28
846,11	1581,99
846,29	1669,78
846,46	1575,71
846,63	1547,99
846,81	1612,98
846,98	1533,38
847,15	1569,97
847,32	1551,68
847,50	1529,83
847,67	1544,44
847,84	1509,90
848,01	1591,41
848,19	1507,30
848,36	1516,45
848,53	1434,12
848,71	1547,04
848,88	1398,08
849,05	1343,88
849,22	1324,49
849,40	1360,67
849,57	1419,52
849,74	1391,80
849,91	1400,67
850,09	1336,64
850,26	1431,94
850,43	1430,57
850,60	1361,76
850,78	1345,79
850,95	1362,99
851,12	1365,86
851,29	1323,81
851,47	1416,38
851,64	1320,39
851,81	1387,29
851,98	1369,27
852,15	1440,81
852,33	1295,82
852,50	1301,42
852,67	1332,00
852,84	1315,89
853,02	1310,97
853,19	1292,00
853,36	1165,02
853,53	1105,90
853,70	1201,34
853,88	1169,25
854,05	1138,81
854,22	1103,86
854,39	1193,28
854,56	1211,03
854,74	1120,38
854,91	1260,05
855,08	1141,95
855,25	1219,77
855,42	1143,86
855,60	1250,08
855,77	1252,67
855,94	1275,34
856,11	1179,90
856,28	1214,72
856,46	1262,50
856,63	1147,82
856,80	1208,71
856,97	1232,88
857,14	1237,52
857,31	1168,02
857,49	1177,86
857,66	1227,42
857,83	1126,52
858,00	1187,96
858,17	1141,54
858,34	1190,69
858,52	1108,91
858,69	1181,68
858,86	1150,55
859,03	1152,87
859,20	1164,48
859,37	1142,77
859,55	1066,86
859,72	1118,33
859,89	1127,88
860,06	1129,25
860,23	1162,02
860,40	1141,54
860,57	1127,75
860,75	1009,51
860,92	1142,22
861,09	1115,60
861,26	1123,38
861,43	1089,11
861,60	1078,73
861,77	1066,04
861,95	1012,65
862,12	1100,44
862,29	1074,64
862,46	1146,73
862,63	1068,49
862,80	1123,11
862,97	1124,74
863,14	1016,34
863,31	1098,53
863,49	1069,86
863,66	1040,37
863,83	1093,21
864,00	1068,08
864,17	969,64
864,34	1028,35
864,51	939,06
864,68	989,58
864,85	940,15
865,02	972,79
865,20	965,69
865,37	935,10
865,54	885,81
865,71	917,49
865,88	899,33
866,05	832,02
866,22	876,80
866,39	879,94
866,56	879,94
866,73	875,03
866,90	1026,03
867,07	967,87
867,25	870,39
867,42	991,22
867,59	894,83
867,76	909,98
867,93	855,23
868,10	906,98
868,27	877,21
868,44	897,15
868,61	849,22
868,78	881,99
868,95	828,61
869,12	911,76
869,29	856,32
869,46	868,34
869,63	853,46
869,80	785,33
869,97	961,04
870,14	861,92
870,32	871,21
870,49	848,68
870,66	879,12
870,83	823,42
871,00	802,26
871,17	844,99
871,34	803,90
871,51	817,69
871,68	842,53
871,85	862,60
872,02	924,59
872,19	826,01
872,36	762,12
872,53	792,84
872,70	848,27
872,87	756,25
873,04	745,46
873,21	705,46
873,38	745,32
873,55	785,33
873,72	824,24
873,89	711,46
874,06	729,62
874,23	663,41
874,40	766,90
874,57	755,43
874,74	873,80
874,91	712,01
875,08	713,79
875,25	741,77
875,42	768,53
875,59	735,90
875,76	769,76
875,93	752,42
876,10	806,35
876,27	664,50
876,44	913,26
876,61	734,40
876,78	700,54
876,95	689,89
877,12	720,20
877,29	688,94
877,46	752,83
877,62	690,44
877,79	668,73
877,96	718,56
878,13	656,03
878,30	696,31
878,47	703,55
878,64	676,24
878,81	683,20
878,98	674,60
879,15	718,70
879,32	699,45
879,49	692,90
879,66	708,87
879,83	629,14
880,00	757,20
880,17	622,99
880,34	685,25
880,51	682,25
880,67	668,73
880,84	541,21
881,01	632,28
881,18	702,32
881,35	600,87
881,52	767,99
881,69	611,66
881,86	733,72
882,03	623,67
882,20	661,63
882,37	641,01
882,54	690,71
882,70	611,66
882,87	571,52
883,04	669,00
883,21	635,28
883,38	528,65
883,55	597,32
883,72	522,37
883,89	524,01
884,06	521,96
884,23	533,70
884,39	494,38
884,56	613,30
884,73	639,10
884,90	606,20
885,07	627,50
885,24	593,91
885,41	674,19
885,58	598,14
885,74	495,61
885,91	586,40
886,08	525,78
886,25	567,70
886,42	495,34
886,59	592,55
886,76	517,86
886,93	478,27
887,09	601,42
887,26	751,19
887,43	531,11
887,60	535,89
887,77	558,28
887,94	566,74
888,10	666,68
888,27	606,61
888,44	554,86
888,61	417,10
888,78	458,61
888,95	583,67
889,12	440,59
889,28	554,45
889,45	517,45
889,62	498,48
889,79	494,79
889,96	549,13
890,13	510,35
890,29	505,98
890,46	600,05
890,63	512,40
890,80	515,68
890,97	501,48
891,13	449,73
891,30	525,51
891,47	646,75
891,64	437,72
891,81	426,11
891,98	484,82
892,14	470,08
892,31	467,07
892,48	430,89
892,65	423,66
892,82	460,25
892,98	387,07
893,15	460,25
893,32	471,85
